

file:  /home/tamaki/M2/Tensorflow/nmt/text8_output_ep100_2/output_dev.txt
OK(n):  [1708, 1599, 1465, 1316, 6420]
OK(%):  [13.655260633194755, 12.783818356251999, 11.712503997441637, 10.521266389510712, 51.32715062360089]
NG(n):  [158, 136, 120, 116, 515]
NG(%):  [15.119617224880383, 13.014354066985646, 11.483253588516746, 11.10047846889952, 49.282296650717704]


file:  /home/tamaki/M2/Tensorflow/nmt/text8_output_ep100_2/output_infer.txt
OK(n):  [580, 549, 495, 436, 2268]
OK(%):  [13.401109057301294, 12.684842883548983, 11.437153419593345, 10.073937153419593, 52.402957486136785]
NG(n):  [24, 19, 20, 20, 177]
NG(%):  [9.23076923076923, 7.3076923076923075, 7.6923076923076925, 7.6923076923076925, 68.07692307692308]
